204
232
204
232
156
204
101
156
198
156
101
226
21
185
101
232
162
101
156
112
112
94
66
101
204
178
226
112
132
21
168
101
217
198
122
188
79
8
226
162
66
32
132
228
25
32
223
228
62
187
94
132
228
116
198
226
32
226
198
2
132
217
8
111
226
217
122
188
232
38
149
31
2
39
217
223
226
44
198
196
204
94
32
112
166
149
66
226
62
73
245
217
189
228
226
38
215
217
238
126
195
31
171
217
226
2
78
171
226
226
166
228
166
62
178
111
196
8
223
226
176
94
78
26
226
132
204
226
226
38
31
179
36
223
217
188
31
122
2
198
228
198
223
39
65
217
228
232
195
248
31
65
229
171
44
253
62
73
196
32
223
2
66
198
86
62
68
69
198
229
62
88
44
31
173
226
155
78
219
229
110
204
197
67
43
94
106
119
67
248
149
40
223
240
90
151
228
178
113
103
44
2
171
226
14
122
30
30
198
204
113
67
135
44
5
196
60
39
78
8
135
102
31
226
144
73
182
226
73
226
198
79
230
60
52
245
240
62
40
226
113
230
195
144
163
185
79
245
233
101
198
117
245
172
226
233
135
144
236
62
240
198
64
227
120
133
220
208
204
64
36
76
30
223
52
78
32
243
198
226
238
32
78
126
146
161
110
202
243
32
158
62
203
194
144
158
208
121
202
84
223
161
8
89
140
119
204
228
172
32
236
155
68
90
243
101
232
247
84
66
229
89
226
232
207
223
89
111
2
232
94
2
220
102
203
197
228
31
219
230
76
208
1
198
121
2
94
242
247
204
8
62
238
2
243
217
68
158
179
198
14
45
177
226
133
198
151
93
161
38
126
73
238
164
108
144
179
40
15
232
228
21
31
46
108
252
60
161
254
24
50
233
3
99
53
2
94
176
171
62
89
226
151
32
171
226
171
226
195
9
163
2
62
189
151
43
217
104
220
7
31
230
184
1
133
89
226
132
168
54
39
151
226
99
30
59
198
199
198
1
179
226
226
172
200
78
227
105
171
3
31
62
94
8
73
232
198
62
229
76
255
148
135
32
133
242
171
132
42
171
188
140
171
158
132
133
90
145
197
52
42
210
172
42
78
212
31
94
48
247
210
223
212
151
94
189
229
199
53
117
93
161
2
151
230
62
198
70
32
229
43
242
31
62
134
104
50
194
126
151
229
21
22
62
161
247
90
204
223
44
78
51
227
236
44
235
22
40
172
227
125
2
82
198
89
226
171
102
143
31
233
217
242
144
31
223
69
240
66
101
171
108
84
87
59
46
8
226
30
42
148
229
109
14
44
105
252
188
61
94
168
230
31
79
82
70
142
175
99
247
121
82
255
180
148
230
230
42
123
46
104
9
191
151
197
53
143
197
153
197
157
198
192
200
139
52
211
176
197
141
187
134
197
79
244
111
127
134
8
93
153
78
157
121
3
175
254
68
188
247
126
198
67
87
37
171
192
70
197
102
208
169
57
244
102
1
109
13
39
170
67
198
144
132
175
230
180
198
101
186
197
53
218
226
229
192
217
244
221
94
121
144
247
72
99
106
105
27
218
46
242
154
141
62
171
170
66
154
27
217
198
217
44
2
48
230
207
226
199
40
170
182
217
113
220
21
84
13
99
173
53
148
153
139
247
230
110
173
46
161
163
165
2
23
32
255
227
84
248
192
127
255
217
20
30
247
66
9
155
226
31
112
179
164
54
101
31
144
27
213
252
104
57
180
27
106
31
246
28
151
25
235
119
161
176
134
216
64
67
173
79
70
3
163
161
229
247
253
198
210
82
70
163
116
44
224
68
161
83
171
121
78
42
248
252
247
170
194
164
123
255
126
52
1
126
146
8
199
96
222
2
215
197
112
135
70
139
70
13
228
67
145
226
90
8
252
27
68
242
96
246
153
230
219
134
142
213
224
18
44
226
42
246
126
164
46
151
131
144
241
194
46
104
217
215
198
9
5
194
161
62
198
138
90
229
74
42
109
46
155
227
121
118
229
94
223
236
62
8
230
210
31
203
215
144
242
22
32
119
152
144
102
195
104
68
155
37
244
9
30
30
216
102
194
32
96
74
150
180
216
205
160
147
135
104
62
28
134
42
228
226
44
147
30
107
198
225
127
169
168
78
218
154
78
74
227
62
90
102
245
215
134
46
39
246
183
229
224
228
214
72
62
161
142
30
225
142
141
161
96
124
62
223
102
241
183
45
106
161
109
5
157
217
163
106
237
170
18
76
72
229
126
30
62
161
91
154
94
122
86
134
45
37
119
68
231
155
100
126
2
86
131
152
45
110
16
251
117
42
63
46
167
44
24
220
88
96
204
213
144
62
112
157
233
192
164
142
223
72
46
149
126
111
120
194
97
62
78
104
62
31
104
73
40
62
241
72
180
82
64
167
232
72
205
142
142
102
205
96
67
65
28
124
91
117
161
159
181
230
251
229
107
116
72
164
106
176
217
230
30
58
96
192
155
224
94
117
2
42
116
226
210
248
176
219
205
135
234
83
138
65
62
46
66
104
18
240
207
67
206
126
84
128
160
164
202
58
139
126
140
13
201
248
93
194
22
9
127
3
82
142
52
125
227
181
123
15
50
161
89
70
97
70
159
201
3
94
160
62
8
205
208
176
48
217
83
83
67
62
31
205
31
134
69
164
117
152
70
67
62
234
167
123
124
176
205
207
37
55
61
31
7
106
38
132
131
89
72
17
76
105
89
247
19
230
8
35
96
64
241
29
251
94
30
231
39
181
134
248
248
62
94
48
140
116
73
66
126
142
206
161
180
247
163
230
113
222
181
83
116
140
144
248
67
105
225
234
114
229
103
222
100
212
229
155
83
241
48
230
100
199
189
72
128
107
213
205
229
14
97
97
221
72
134
53
23
155
164
231
117
62
29
132
96
205
167
223
117
212
29
231
61
177
9
222
104
38
252
110
144
165
29
207
97
62
9
212
45
16
69
20
195
29
42
180
198
152
68
84
195
73
31
77
50
62
5
191
83
1
126
237
19
234
225
46
29
152
46
201
198
235
14
143
32
104
87
155
189
119
178
181
37
62
229
45
140
230
102
53
205
1
2
78
103
42
132
88
59
71
229
160
66
74
131
37
74
230
207
50
233
5
161
176
175
131
34
171
144
230
228
151
68
84
251
229
140
144
159
144
152
191
46
72
244
46
194
113
54
166
151
17
144
119
240
213
206
30
167
35
247
170
73
98
52
3
5
98
233
204
155
109
121
186
45
60
19
25
220
162
231
117
105
78
194
37
166
192
47
230
93
207
119
67
187
74
91
160
53
151
32
133
28
35
205
61
100
206
217
93
30
104
211
74
188
160
151
254
58
16
83
126
74
45
205
20
188
177
74
25
160
254
85
118
23
248
5
74
198
205
116
101
53
193
151
196
178
196
41
120
13
142
155
160
165
144
154
169
253
67
200
144
194
247
222
